1.000000000000000000e+00 0.000000000000000000e+00 0.000000000000000000e+00 0.000000000000000000e+00 0.000000000000000000e+00 1.000000000000000000e+00 0.000000000000000000e+00 0.000000000000000000e+00 0.000000000000000000e+00 0.000000000000000000e+00 1.000000000000000000e+00 0.000000000000000000e+00
9.998804000026429994e-01 1.381570987852826816e-03 1.540755982956878295e-02 1.089168298055273598e-02 -1.365955006485374598e-03 9.999984999996262003e-01 -1.023970356392359549e-03 4.021861992374271898e-04 -1.540895016995678934e-02 1.002800643514726621e-03 9.998807999977383787e-01 1.140552899979998813e-01
9.993411000061963589e-01 4.139269987937552187e-03 3.605872982965493273e-02 2.719611895877785054e-02 -4.118322999121569981e-03 9.999912999997701002e-01 -6.552075564504071178e-04 8.812563335470705722e-04 -3.606113016888431999e-02 5.062741430472037733e-04 9.993494999940866208e-01 2.417606999950498992e-01
9.980124000107659654e-01 5.708758988195544032e-03 6.275817982986449384e-02 5.388791393392258072e-02 -5.760679989596513562e-03 9.999832000002903953e-01 6.463834437004046998e-04 2.077294361312625147e-03 -6.275344016807272995e-02 -1.006628357217451229e-03 9.980285999890715631e-01 3.874862699900737395e-01
9.953527000164543725e-01 5.411576988613374731e-03 9.614397983029160377e-02 9.453671990738254927e-02 -5.718902977675608540e-03 9.999794000011670292e-01 2.921235644250117988e-03 2.990142705382962864e-03 -9.612619016763424007e-02 -3.457497357165437765e-03 9.953631999825699461e-01 5.431151699828192791e-01
9.909970000228537357e-01 2.437993988965147032e-03 1.338619998310110470e-01 1.487666698792022846e-01 -3.155108964185394070e-03 9.999818000019380371e-01 5.145249645357562705e-03 4.738074945883557348e-03 -1.338470001678050969e-01 -5.521275356659404235e-03 9.909865999753481036e-01 7.083078299729523852e-01
9.848812000295309455e-01 -8.797585110104089168e-04 1.732287998320474753e-01 2.161748698493757281e-01 -1.148613500815869531e-04 9.999835000020286246e-01 5.731547647066953001e-03 6.862537482795315162e-03 -1.732310001678456501e-01 -5.664790356094452813e-03 9.848648999684285199e-01 8.831313899607048379e-01
9.763389000368657422e-01 -1.209269010800479664e-03 2.162425998334898403e-01 2.898492298180098126e-01 -3.105265346552465501e-04 9.999755000024710405e-01 6.994082649597854230e-03 1.009118661644260728e-02 -2.162458001663197238e-01 -6.895743356035431357e-03 9.763145999606465120e-01 1.066907699946995747e+00
9.644808000450439955e-01 -1.175212010374986158e-03 2.641503998354862714e-01 3.753048597851373347e-01 -1.347062917447487771e-03 9.999552000033593568e-01 9.367300653255854204e-03 1.327022954679894784e-02 -2.641496001639290214e-01 -9.390408356034002021e-03 9.644359999516344262e-01 1.259525699931296039e+00
9.500987000531878612e-01 -4.177904009253769271e-03 3.119215998378679910e-01 4.786440297513112618e-01 -1.009851900247085406e-03 9.998639000057363280e-01 1.646822965783899598e-02 1.225566847484326101e-02 -3.119479001615975133e-01 -1.596143035548962252e-02 9.499650999409615659e-01 1.458032399914041877e+00
9.333565000611137030e-01 -1.416072000835079739e-02 3.586713998406363402e-01 6.094970097172753842e-01 5.593755116682686684e-03 9.996740000077380950e-01 2.491175966327612359e-02 1.173813240213195282e-02 -3.589072001610960627e-01 -2.124523035372026178e-02 9.331313999299845063e-01 1.657735199891920530e+00
9.123320000696739651e-01 -2.014890000800554498e-02 4.089551998441705583e-01 7.495245896833189203e-01 8.864985134906629843e-03 9.995264000085276601e-01 2.946911967017401546e-02 1.441451632955701237e-02 -4.093553001586773821e-01 -2.326024035264691661e-02 9.120784999197895093e-01 1.856746799867097231e+00
8.872656000785297259e-01 -2.177657000754507077e-02 4.607444998484165888e-01 8.991916196489428970e-01 7.355619153676592158e-03 9.994259000095068179e-01 3.307186967851778042e-02 1.717376325599163575e-02 -4.612002001538667018e-01 -2.595447035233365563e-02 8.869163999096778550e-01 2.058214499840601786e+00
8.590210000871969509e-01 -2.409304000689250699e-02 5.113730998531987870e-01 1.069244999614231695e+00 5.460112172080666161e-03 9.992663000108944482e-01 3.790777968802684639e-02 2.174840018152739141e-02 -5.119112001483768770e-01 -2.977142035188191926e-02 8.585222998993246035e-01 2.261519999809984416e+00
8.270453000957376233e-01 -2.918261000665515331e-02 5.613772998586089580e-01 1.259800199580322300e+00 6.631357190342036453e-03 9.990885000114468895e-01 4.216696969884128204e-02 2.763176310852591758e-02 -5.620962001433434940e-01 -3.115130035095099031e-02 8.264849998892834781e-01 2.460030299775405549e+00
7.911863001041354870e-01 -3.486678000672155386e-02 6.105805998646781640e-01 1.470776399547328639e+00 8.791727208375918132e-03 9.989188000113717880e-01 4.565030971102271989e-02 3.288388403717731195e-02 -6.115121001380006138e-01 -3.074984034992158180e-02 7.906373998796552005e-01 2.653214399737570783e+00
7.532744001119845434e-01 -3.928513000684009937e-02 6.565320998711045020e-01 1.701100799514624562e+00 9.846352225260437963e-03 9.987762000111735095e-01 4.846687972397356603e-02 4.139894596628440615e-02 -6.576327001319134391e-01 -3.004440034911761565e-02 7.527393998708187262e-01 2.844468899695276054e+00
7.135453001192800793e-01 -4.262496000726284651e-02 6.993112998778490130e-01 1.949536799482376903e+00 1.112298024101517416e-02 9.987109000103283618e-01 4.952482973758291773e-02 5.395463889622977710e-02 -7.005209001255959800e-01 -2.755978034852504116e-02 7.130995998631495247e-01 3.032761499648454429e+00
6.716420001261498296e-01 -4.460763000754209423e-02 7.395316998849754686e-01 2.219307299449962745e+00 1.077426025586557257e-02 9.986683000097674734e-01 5.045325975201792740e-02 6.823019582561569429e-02 -7.407975001183287889e-01 -2.591862034817189742e-02 6.712281998559630480e-01 3.221907299597383201e+00
6.289069001324545383e-01 -4.493066000710892183e-02 7.761811998922656386e-01 2.506199399417220253e+00 6.144236269437087193e-03 9.985848000106748446e-01 5.282647976687469132e-02 8.309272375412582456e-02 -7.774563001093947046e-01 -2.845390034808709112e-02 6.282929998488701040e-01 3.412935899543183993e+00
5.870428001379605076e-01 -4.577422000697331517e-02 8.082607998994032483e-01 2.818707299385108556e+00 3.200808281371713554e-03 9.985236000109668497e-01 5.422461978144246797e-02 9.701918868362413573e-02 -8.095496001012099097e-01 -2.924508034792149685e-02 5.863225998429036911e-01 3.600329399484952120e+00
5.468504001426982564e-01 -4.700298000704573875e-02 8.359098999062501978e-01 3.156849899353959099e+00 1.579470291713828576e-03 9.984790000108293428e-01 5.511091979544317787e-02 1.117186186148440702e-01 -8.372289000937811476e-01 -2.881713034769615295e-02 5.460928998378747901e-01 3.782028599422075477e+00
5.079969001468269685e-01 -4.952766000703903021e-02 8.599337999128575660e-01 3.518420399323131775e+00 3.120510007754738534e-04 9.983560000108705479e-01 5.731571980901919300e-02 1.253129385464294143e-01 -8.613589000867065693e-01 -2.884786034722197287e-02 5.071771998329942521e-01 3.961914299355597802e+00
4.705742001504401584e-01 -4.939765000698234654e-02 8.809765999192503694e-01 3.904704899292513964e+00 -2.506180691295793392e-03 9.983528000109874734e-01 5.731778982212725609e-02 1.418008484782286027e-01 -8.823569000793234363e-01 -2.918016034724299143e-02 4.696752998294065340e-01 4.140368999283876583e+00
4.341107001536086418e-01 -4.876219000722757657e-02 8.995387999254774725e-01 4.314776399262933104e+00 -3.833406684270421281e-03 9.984249000104691296e-01 5.597258983488503925e-02 1.597744784119456696e-01 -9.008514000726347559e-01 -2.774660034737699843e-02 4.332399998267215113e-01 4.312640699207570982e+00
4.001985001562469724e-01 -4.738002000797558733e-02 9.152028999312633584e-01 4.749955199234734415e+00 -2.459821678316106899e-03 9.986035000088937519e-01 5.277329984670912910e-02 1.789151383482828761e-01 -9.164252000673435150e-01 -2.337103034767622906e-02 3.995229998251911274e-01 4.476713399126571069e+00
3.705133001583356678e-01 -4.579345000878522892e-02 9.276975999363280545e-01 5.210768699207187993e+00 -3.407332735424084156e-04 9.987771000071870020e-01 4.943819985706117415e-02 1.998134082857213056e-01 -9.288271000630381469e-01 -1.863361034800851967e-02 3.700445998242493650e-01 4.636833299040574730e+00
3.447498001600010076e-01 -4.391011000940440306e-02 9.376669999407317713e-01 5.696769599179522636e+00 1.047874330281225834e-03 9.989227000058740202e-01 4.639339986606894756e-02 2.208560382226096019e-01 -9.386940000591411648e-01 -1.501156034838142979e-02 3.444244998236346555e-01 4.797650698950232773e+00
3.239119001612466020e-01 -4.320487000984580411e-02 9.451001999442856238e-01 6.205816799151618213e+00 2.240032333163691821e-03 9.989889000049445578e-01 4.490065987336972625e-02 2.417765381587203832e-01 -9.460846000560136915e-01 -1.242680034852522777e-02 3.236811998228992793e-01 4.959875698856006210e+00
3.087526001620964355e-01 -4.375508001011459147e-02 9.501353999468592493e-01 6.741194399123457970e+00 3.193237335145196563e-03 9.989833000043893962e-01 4.496693987868979198e-02 2.618117080939573182e-01 -9.511371000537690579e-01 -1.084965034842944390e-02 3.085783998220173463e-01 5.123668498757607104e+00
2.971358001627092960e-01 -4.535063001036136049e-02 9.537575999488157041e-01 7.298318699094826556e+00 4.506657336597995854e-03 9.989269000038911717e-01 4.609439988276362726e-02 2.818085380279491958e-01 -9.548246000522568888e-01 -9.398038348137365341e-03 2.970212998209982858e-01 5.290225198655513772e+00
2.861734001632941227e-01 -4.734783001014197107e-02 9.570072999506676892e-01 7.877425499065397574e+00 3.322596337921830418e-03 9.988214000043710294e-01 4.842302988665336816e-02 3.031085679600407090e-01 -9.581721000499662244e-01 -1.067764034775933735e-02 2.859934998196148048e-01 5.461377298549209947e+00
2.755822001638431051e-01 -4.911161000985646979e-02 9.600220999524626819e-01 8.479667699035651651e+00 1.669367339154474847e-03 9.987170000049863106e-01 5.061190989042305827e-02 3.264193778912437005e-01 -9.612761000475719131e-01 -1.234511034742148683e-02 2.753105998183211223e-01 5.634245698438245853e+00
2.654907001643355691e-01 -5.082935000973777540e-02 9.627725999541687507e-01 9.100808999006291700e+00 9.290297402859794881e-04 9.986223000052524279e-01 5.246584989400192300e-02 3.512380478230712200e-01 -9.641130000455880866e-01 -1.303475034709493732e-02 2.651721998171917560e-01 5.804725498323522359e+00
2.552866001648170791e-01 -5.276707000956536858e-02 9.654244999558942997e-01 9.743372998977244848e+00 -1.024054586112364091e-04 9.985081000056330591e-01 5.460240989762951691e-02 3.773848477553263248e-01 -9.668655000434812630e-01 -1.403813034672394058e-02 2.549002998159785593e-01 5.973284698204674115e+00
2.447070001652844329e-01 -5.444156000957241226e-02 9.680673999576808741e-01 1.040373899894873588e+01 -2.433156575113993821e-04 9.984189000056360452e-01 5.620995990137176573e-02 4.063065276885641786e-01 -9.695971000416275798e-01 -1.399052034640672036e-02 2.443068998149552640e-01 6.138486898081802146e+00
2.344779001657150141e-01 -5.557489000962473336e-02 9.705315999594120724e-01 1.108031399892071178e+01 -2.675054564895729971e-04 9.983608000055388398e-01 5.723308990498604532e-02 4.375061976226785609e-01 -9.721215000398752970e-01 -1.367952034619283365e-02 2.340786998141707043e-01 6.300683997955355053e+00
2.239597001661538245e-01 -5.876757000935986519e-02 9.728249999611828791e-01 1.177404299889307815e+01 -1.673764655481705483e-03 9.981557000061254126e-01 6.068310990874566796e-02 4.710259775574628383e-01 -9.745970000375815401e-01 -1.521885034557552904e-02 2.234482998125506548e-01 6.460424097825158363e+00
2.126916001666045719e-01 -6.187357000904647464e-02 9.751583999630873967e-01 1.247582699886625512e+01 -3.499255654450394212e-03 9.979385000068121681e-01 6.408218991278311072e-02 5.068309474938973436e-01 -9.771131000350103957e-01 -1.704207034496869541e-02 2.120366998109419754e-01 6.615260997692775646e+00
2.005651001670527567e-01 -6.644519000884167859e-02 9.774244999651195975e-01 1.318494599884096097e+01 -4.535081653394302907e-03 9.976237000072871730e-01 6.874891991711987171e-02 5.431409974334523438e-01 -9.796699000325741480e-01 -1.822133034407725019e-02 1.997871998088931456e-01 6.761092497558960801e+00
1.876917001674975882e-01 -6.885220000875430513e-02 9.798117999672985023e-01 1.389987899881729660e+01 -5.479794652334252225e-03 9.974512000074944318e-01 7.114143992170515740e-02 5.799083373763568305e-01 -9.822127000300433508e-01 -1.872182034360549141e-02 1.868359998076338513e-01 6.897326397423993782e+00
1.736602001679423690e-01 -6.949137000882608939e-02 9.823507999696861059e-01 1.461711599879536294e+01 -5.967303651248902219e-03 9.974147000073511071e-01 7.161189992667631177e-02 6.164809173228404937e-01 -9.847876000274777830e-01 -1.829812034348353433e-02 1.727965998070334352e-01 7.023436197288702054e+00
1.593308001683693131e-01 -6.850007000880292685e-02 9.848458999721478868e-01 1.534139099877501344e+01 -7.306807650218513812e-03 9.974807000073893093e-01 7.056099993176491447e-02 6.545195072725981111e-01 -9.871982000245579369e-01 -1.843862034367602445e-02 1.584288998069824927e-01 7.140119397151688752e+00
1.429603001688026509e-01 -6.748327000892401228e-02 9.874250999749499824e-01 1.607129099875696099e+01 -7.923194649132363904e-03 9.975628000071260493e-01 6.932324993755931142e-02 6.911919872270512188e-01 -9.896967000215478594e-01 -1.773403034387860053e-02 1.420771998069837450e-01 7.243432197014203489e+00
1.227354001692902707e-01 -6.585881000878293645e-02 9.902517999784327118e-01 1.680545699874134868e+01 -1.036798964793233038e-02 9.976561000074037899e-01 6.763630994476171887e-02 7.258085071864852633e-01 -9.923853000172294658e-01 -1.856829034418875160e-02 1.217648998071028527e-01 7.332620396876722957e+00
9.757047016980964493e-02 -6.460911000833338691e-02 9.931291999827740469e-01 1.754618399872852308e+01 -1.483433964665738757e-02 9.976852000083289429e-01 6.636291995376843167e-02 7.610843671516904774e-01 -9.951181000113488162e-01 -2.120748034441214888e-02 9.638617980706598587e-02 7.405388996737889862e+00
6.770294017027106426e-02 -6.432262000793946555e-02 9.956298999879077405e-01 1.828980899871941901e+01 -1.914778964544336728e-02 9.976520000091476659e-01 6.575531996445228844e-02 7.965070171246504405e-01 -9.975218000047206823e-01 -2.351593034444915756e-02 6.631233980685609375e-02 7.456292096598509112e+00
3.479944017058658051e-02 -6.389870000775330072e-02 9.973493999935504339e-01 1.904064299871497923e+01 -2.241607964447179038e-02 9.976529000095316624e-01 6.470028997619754751e-02 8.309502871072336205e-01 -9.991428999979474757e-01 -2.460820034452174121e-02 3.328540980693880241e-02 7.479940496458248766e+00
5.546901707051034172e-04 -6.357691000780457680e-02 9.979767999994071381e-01 1.979344799871532601e+01 -2.432320964386177828e-02 9.976808000094213869e-01 6.357157998840172464e-02 8.627066970997369078e-01 -9.997039999914306696e-01 -2.430926034458653559e-02 -9.929931927660897231e-04 7.475676296318611413e+00
-3.340200982938319046e-02 -6.247780000801568534e-02 9.974872000052104060e-01 2.054705399872026561e+01 -2.520041964366162915e-02 9.977795000089695332e-01 6.165225000048778908e-02 8.936336671018021427e-01 -9.991242999853297002e-01 -2.307779034480905364e-02 -3.490231019199890178e-02 7.444545296179131633e+00
-6.618835982964842157e-02 -6.032882000802944344e-02 9.959817000108334151e-01 2.130146999872921043e+01 -2.699711964386832669e-02 9.979134000089183720e-01 5.865173001218251803e-02 9.230813971122001638e-01 -9.974418999791008211e-01 -2.300657034522307631e-02 -6.767896019067337621e-02 7.389996296040039603e+00
-9.850066983008436139e-02 -5.772373000784490615e-02 9.934614000163900505e-01 2.205434699874211191e+01 -2.971432964446053468e-02 9.980417000092760560e-01 5.504372002373527500e-02 9.506519971308324823e-01 -9.946932999726247893e-01 -2.409820034571286129e-02 -1.000230001889584608e-01 7.312385695901877369e+00
-1.309163998307375787e-01 -5.342831000841869599e-02 9.899527000219286998e-01 2.280476699875998037e+01 -2.760770964538485084e-02 9.983560000080332619e-01 5.023087003523188376e-02 9.757574971598149682e-01 -9.910089999678495243e-01 -2.075428034655704343e-02 -1.321762001866458314e-01 7.205804095765015127e+00
-1.625337998315782295e-01 -4.777256000945743347e-02 9.855458000273161767e-01 2.355201899878285943e+01 -2.228188964662983912e-02 9.987502000058045004e-01 4.473795004640640505e-02 9.982457971992397816e-01 -9.864513999643572673e-01 -1.468840034766157043e-02 -1.633951001839377692e-01 7.070016595629624589e+00
-1.929806998325667988e-01 -4.087264001049031176e-02 9.803509000325204559e-01 2.429239499880961617e+01 -1.639379964818389601e-02 9.991268000035725683e-01 3.842835005718719943e-02 1.015434897246718871e+00 -9.810655999612646339e-01 -8.655744348971906865e-03 -1.934823001808044507e-01 6.911852395497293244e+00
-2.217760998336661127e-01 -3.548258001154097618e-02 9.744518000374345901e-01 2.503044899884034180e+01 -1.032217964998458949e-02 9.993671000013182315e-01 3.404059006741800425e-02 1.028789097302422739e+00 -9.750429999585190632e-01 -2.509075349976317391e-03 -2.220020001782357366e-01 6.730679695366722726e+00
-2.497957998349133180e-01 -2.943698001287573321e-02 9.678510000422150261e-01 2.576787299887581284e+01 -2.214568652052644609e-03 9.995524999984610748e-01 2.982961007738205161e-02 1.036854897367925687e+00 -9.682959999566311815e-01 5.307936648927090093e-03 -2.497493001756104780e-01 6.522021895238146350e+00
-2.760848998362079865e-01 -2.011543001363823996e-02 9.609227000467728264e-01 2.649422699891400868e+01 3.834841345707740070e-03 9.997498999967608935e-01 2.203001008679500786e-02 1.037425497439054212e+00 -9.611255999543047990e-01 9.767134647267784742e-03 -2.759387001716508414e-01 6.297945295114123709e+00
-3.015541998375789734e-01 -4.619937013746857994e-03 9.534378000513027418e-01 2.720706299895489622e+01 8.514457343264471983e-03 9.999352999963531108e-01 7.538199095989202465e-03 1.031420697515817109e+00 -9.534110999516300922e-01 1.039117964456031870e-02 -3.014953001652121989e-01 6.058507494994751497e+00
-3.263612998389966435e-01 1.306861998700544619e-02 9.451547000557727340e-01 2.791048499899788382e+01 9.918866340633899700e-03 9.998966999977123571e-01 -1.040055989501890293e-02 1.018640697596920441e+00 -9.451930999479017936e-01 5.980518641558809322e-03 -3.264572001574095328e-01 5.807202294879396653e+00
-3.514699998405385051e-01 2.863448998805838766e-02 9.357611000602574780e-01 2.860473599904335273e+01 9.904458337711859878e-03 9.995898999997190337e-01 -2.686758988594591807e-02 9.977525976831118637e-01 -9.361467999436166032e-01 -1.749438609853124730e-04 -3.516094001499419641e-01 5.541922794768488814e+00
-3.762471998422367014e-01 3.929352998830598631e-02 9.256857000646183664e-01 2.929577399909296176e+01 1.331029033454473980e-02 9.992264000000995461e-01 -3.700519987696537783e-02 9.638522977776727840e-01 -9.264236999406063600e-01 -1.601956362672794874e-03 -3.764792001446130021e-01 5.253259494662769313e+00
-3.998265998439723412e-01 4.341497998824711546e-02 9.155620000686934823e-01 2.997908099914583602e+01 1.623309033127296255e-02 9.990562999999228477e-01 -4.028519986840994188e-02 9.237401978789803181e-01 -9.164470999376280735e-01 -1.244695363314751854e-03 -4.001541001417187604e-01 4.945916694560583693e+00
-4.223467998457545169e-01 4.311261998778899429e-02 9.054085000725311527e-01 3.065533199920152185e+01 1.953336032790065069e-02 9.990691999989693706e-01 -3.846070986022222943e-02 8.811804579861973741e-01 -9.062238999349648827e-01 1.441908636732197775e-03 -4.227958001406378896e-01 4.622223594460469265e+00
-4.426796998474743505e-01 3.912392998694324414e-02 8.958259000759407620e-01 3.132368999925996178e+01 2.306832032463837154e-02 9.992138999972532964e-01 -3.223986985282623757e-02 8.387910880992802687e-01 -8.963830999327582205e-01 6.393258637360578998e-03 -4.432343001412206163e-01 4.282329594361638847e+00
-4.606857998491410977e-01 3.664420998558265419e-02 8.868065000789639996e-01 3.197888999932093412e+01 2.965531032153543786e-02 9.992249999944398109e-01 -2.588392984624117085e-02 7.982790282178469088e-01 -8.870677999320353280e-01 1.437415963777933722e-02 -4.614155001419473767e-01 3.927484794264381129e+00
-4.745910998504688227e-01 3.835756998504045306e-02 8.793702000813522490e-01 3.262418099938288663e+01 3.368186031902792310e-02 9.991096999932832512e-01 -2.540262984114854267e-02 7.584216283385746271e-01 -8.795616999310996720e-01 1.756295963752834907e-02 -4.754606001408512861e-01 3.566907894168581450e+00
-4.858027998515720980e-01 4.150122998482244641e-02 8.730826000833086242e-01 3.325870799944484446e+01 3.666324031693118241e-02 9.989605999927864133e-01 -2.708448983702666651e-02 7.222949984595540274e-01 -8.732991999302507358e-01 1.885230963704559101e-02 -4.868194001391802361e-01 3.205985394073289640e+00
-4.957197998525634808e-01 4.472548998481119115e-02 8.673301000850486275e-01 3.388339799950728803e+01 3.863947031502766583e-02 9.988199999927207529e-01 -2.942175983337973547e-02 6.867218685816760537e-01 -8.676225999292642710e-01 1.892821963654605852e-02 -4.968630001373669502e-01 2.842186493979477202e+00
-5.063041998535015020e-01 4.474436998599792825e-02 8.611933000868539079e-01 3.450546899956936642e+01 3.299499031305288405e-02 9.989268999952030104e-01 -3.250241982961041970e-02 6.470936087029828254e-01 -8.617234999254491656e-01 1.195894963650475339e-02 -5.072372001352234427e-01 2.480764493887555933e+00
-5.178817998546363377e-01 4.212197998627559281e-02 8.544145000887835018e-01 3.512595599963279369e+01 3.066636031076152430e-02 9.990590999958178786e-01 -3.066522982545050527e-02 6.081781488271305047e-01 -8.549023999226460502e-01 1.032080963690468027e-02 -5.186863001347223889e-01 2.111420693795648784e+00
-5.266305998555989021e-01 4.415412998602399192e-02 8.489468000903021005e-01 3.573663299969925333e+01 3.331460030892074292e-02 9.989549999952654913e-01 -3.128995982222686212e-02 5.713514989578047931e-01 -8.494411999220981002e-01 1.180405963659535498e-02 -5.275513001335677687e-01 1.724088593704664829e+00
-5.337534998564288369e-01 4.751281998570217047e-02 8.443043000915659846e-01 3.634829999976708592e+01 3.698339030736365329e-02 9.987765999945481532e-01 -3.282547981956834837e-02 5.324364890912560710e-01 -8.448309999221909061e-01 1.370450963608638162e-02 -5.348577001322294411e-01 1.328925593614262324e+00
-5.377400998568769852e-01 5.089543998593448054e-02 8.415731000923002414e-01 3.697061399983565622e+01 3.782421030649611715e-02 9.986275999949895121e-01 -3.622502981808587569e-02 4.938338692261407536e-01 -8.422617999218108276e-01 1.235217963556284847e-02 -5.389272001305528415e-01 9.293822935219346881e-01
-5.375854998568589949e-01 5.280508998615633665e-02 8.415542000923055266e-01 3.760573499990536561e+01 3.775591030653049213e-02 9.985435999954281883e-01 -3.853723981813228505e-02 4.569746393633153936e-01 -8.423634999218130304e-01 1.105656963526724726e-02 -5.387963001297259025e-01 5.229814434267976431e-01
-5.344231998565551756e-01 5.341071998579743907e-02 8.435278000917780794e-01 3.825670499997635687e+01 3.972003030717651678e-02 9.984857999946693541e-01 -3.805749981924633901e-02 4.159774795028611249e-01 -8.442831999230518969e-01 1.316613963518460662e-02 -5.357355001302332997e-01 1.093890533304375245e-01
-5.288196998559216988e-01 5.163410998589276768e-02 8.471621000907954002e-01 3.892701600004733109e+01 3.804206030839119013e-02 9.985865999948922989e-01 -3.711656982132013893e-02 3.741916496421228144e-01 -8.478811999234093788e-01 1.259981963545154376e-02 -5.300365001311881930e-01 -3.040528567689384509e-01
-5.220722998551708960e-01 5.058523998613401879e-02 8.513998000896305651e-01 3.961486800011800113e+01 3.598416030982822672e-02 9.986570999954107464e-01 -3.726919982380942631e-02 3.326475597805369500e-01 -8.521417999238263263e-01 1.117968963560521563e-02 -5.231915001318562242e-01 -7.157058368713919982e-01
-5.150920998544162854e-01 5.001532998635072752e-02 8.556743000884334815e-01 4.031862300018912748e+01 3.429061031127896009e-02 9.986992999958714812e-01 -3.773336982637371523e-02 2.906283599197055367e-01 -8.564486999244128596e-01 9.905425635687326383e-03 -5.161372001324194825e-01 -1.130012106976389319e+00
-5.088806998537336312e-01 4.844951998668216298e-02 8.594725000873510989e-01 4.103817300026059911e+01 3.153601031256206971e-02 9.987938999965854103e-01 -3.763125982867865371e-02 2.477179800593796721e-01 -8.602591999244904031e-01 7.954511635920534160e-03 -5.097949001331034680e-01 -1.546269307083762978e+00
-5.044188998532120882e-01 4.647980998726975593e-02 8.622072000865602659e-01 4.177503900033241280e+01 2.735822031349416025e-02 9.989090999978399443e-01 -3.784370983036965119e-02 2.026079101994967824e-01 -8.630255999237625986e-01 4.499375636215253993e-03 -5.051402001334939218e-01 -1.964351707193298324e+00
-5.029008998529832519e-01 4.338913998785400711e-02 8.632543000862555882e-01 4.252809600040509963e+01 2.275913031383892948e-02 9.990576999991017670e-01 -3.695628983099697590e-02 1.549151103412038100e-01 -8.640443999223830218e-01 1.061565636689153430e-03 -5.034145001339884740e-01 -2.387441707304680527e+00
-5.033480998529754613e-01 4.071246998822648788e-02 8.631241000862940327e-01 4.329219600047927941e+01 1.953136031377967000e-02 9.991701999999148542e-01 -3.573949983088455656e-02 1.072743304859103547e-01 -8.638629999211567823e-01 -1.131428362894653641e-03 -5.037257001343998786e-01 -2.819322007417962350e+00
-5.044131998530573258e-01 3.921977998838922091e-02 8.625712000864552698e-01 4.406540400055503426e+01 1.799253031358295438e-02 9.992284000002742417e-01 -3.491173983052025392e-02 5.952994263376631956e-02 -8.632749999204268887e-01 -2.090104362660940521e-03 -5.047297001346003897e-01 -3.260349007532758137e+00
-5.048516998530998556e-01 3.860669998834580230e-02 8.623423000865219068e-01 4.484621700063186012e+01 1.791862031349740134e-02 9.992528000001916766e-01 -3.424581983036198429e-02 1.389055578382590583e-02 -8.630200999203256895e-01 -1.837075362565124053e-03 -5.051663001347986848e-01 -3.707817307649600824e+00
-5.050503998531187255e-01 3.780328998827876819e-02 8.622616000865446217e-01 4.563887400071013190e+01 1.785762031345880865e-02 9.992841000000620699e-01 -3.335094983029061877e-02 -3.057715706319782262e-02 -8.629050999202702021e-01 -1.445966362439321962e-03 -5.053639001351036830e-01 -4.163871607768880878e+00
-5.050732998531238804e-01 3.726613998818818080e-02 8.622715000865411872e-01 4.644082800078923157e+01 1.804432031345291551e-02 9.993048999998795923e-01 -3.261912983027977220e-02 -7.615036690864049329e-02 -8.628877999203328208e-01 -9.159476623551656869e-04 -5.053947001353661372e-01 -4.624674307889350189e+00
-5.051531998531267886e-01 3.675079998819989063e-02 8.622469000865479183e-01 4.724694000086888224e+01 1.772603031343958704e-02 9.993238999999107808e-01 -3.220841983025510974e-02 -1.223814587529576392e-01 -8.628476999202058240e-01 -9.859717622740845483e-04 -5.054631001355083253e-01 -5.088778208010287685e+00
-5.053925998531253461e-01 3.521009998837192068e-02 8.621708000865689892e-01 4.805944200094863561e+01 1.608035031340397658e-02 9.993779000002901425e-01 -3.138741983018960430e-02 -1.700480685971935968e-01 -8.627396999195786620e-01 -1.998966362030690173e-03 -5.056444001357877083e-01 -5.553324008131808043e+00
-5.053617998531145794e-01 3.420742998837104226e-02 8.622293000865507429e-01 4.886908200102845967e+01 1.557393031341333146e-02 9.994127000003013572e-01 -3.052189983020691180e-02 -2.185308884412884289e-01 -8.627669999194035322e-01 -1.996305361872171419e-03 -5.055978001361061125e-01 -6.018170408252552228e+00
-5.048318998530439972e-01 3.357889998853968300e-02 8.625643000864532395e-01 4.967775000110800221e+01 1.438190031352486881e-02 9.994316000006616685e-01 -3.048976983041394931e-02 -2.688329682859914582e-01 -8.630978999190692669e-01 -2.986898361771763138e-03 -5.050279001361746012e-01 -6.481276208372483971e+00
-5.036774998529216507e-01 3.212027998848423355e-02 8.632944000862377010e-01 5.048523900118726004e+01 1.388352031375411459e-02 9.994804000005645950e-01 -2.908716983083811658e-02 -3.178120481312437517e-01 -8.637801999190883873e-01 -2.664987361540505171e-03 -5.038618001367987098e-01 -6.942801608492681353e+00
-5.016359998527255559e-01 2.992056998816802066e-02 8.645612000858593493e-01 5.129304300126630523e+01 1.431070031415014598e-02 9.995518999999316589e-01 -2.628894983157376714e-02 -3.660938079769441855e-01 -8.649604999195887878e-01 -8.150149611910006801e-04 -5.018394001380114267e-01 -7.403079608613189144e+00
-4.992241998524927227e-01 2.838956998793820685e-02 8.660076000854264322e-01 5.210014500134475668e+01 1.463781031461598194e-02 9.995967999994704867e-01 -2.433070983244641286e-02 -4.128795878238250561e-01 -8.663491999201164973e-01 5.299689390539841140e-04 -4.994385001389555767e-01 -7.860019508734099603e+00
-4.969068998522696567e-01 2.798480998783575702e-02 8.673525000850252908e-01 5.290464600142252038e+01 1.489235031506093952e-02 9.996076999992616896e-01 -2.372014983328538454e-02 -4.581435576720739311e-01 -8.676760999206023506e-01 1.130206639119101962e-03 -4.971287001394022464e-01 -8.313032708855109476e+00
-4.947332998520678204e-01 2.852663998775014156e-02 8.685765000846612516e-01 5.370842700150001292e+01 1.553885031547302432e-02 9.995916999990757112e-01 -2.397878983406744741e-02 -5.033250875208641339e-01 -8.689058999212031509e-01 1.633570639032439148e-03 -4.949746001395188277e-01 -8.764501508976026756e+00
-4.938510998519798356e-01 2.886036998780825910e-02 8.690674000845162173e-01 5.451147000157709499e+01 1.538354031564218537e-02 9.995825999991929667e-01 -2.445282983438886240e-02 -5.484584673705393820e-01 -8.694103999212980938e-01 1.293277638978790464e-03 -4.940889001394336844e-01 -9.213462009096842209e+00
-4.943764998520218668e-01 3.022570998806134099e-02 8.687222000846258618e-01 5.530850100165344685e+01 1.478575031554580504e-02 9.995430999997046984e-01 -2.636306983420354244e-02 -5.956055072217184554e-01 -8.691221999209954863e-01 -1.885742612398785530e-04 -4.945975001386943570e-01 -9.657999009215910036e+00
-4.972169998522789069e-01 3.192218998850349099e-02 8.670388000851345645e-01 5.610178800172973013e+01 1.346887031500964421e-02 9.994865000006070144e-01 -2.907466983318797785e-02 -6.430026570729902025e-01 -8.675216999200421331e-01 -2.778388361508908003e-03 -4.973916001374412699e-01 -1.010214900933425497e+01
-5.016093998526944819e-01 3.254092998881094601e-02 8.644820000858922660e-01 5.688812700180637449e+01 1.236763031416599282e-02 9.994599000012412970e-01 -3.044556983160791666e-02 -6.906520769233933654e-01 -8.650058999189010889e-01 -4.580190361604907084e-03 -5.017409001365170651e-01 -1.054850400945132449e+01
-5.070401998532436671e-01 3.135649998861395060e-02 8.613519000868017361e-01 5.767175700188430199e+01 1.295155031309790962e-02 9.995024000008448928e-01 -2.876169982962776747e-02 -7.376255067710901780e-01 -8.618251999181832934e-01 -3.427495361418145432e-03 -5.071940001365833339e-01 -1.100236500956817132e+01
-5.125310998538193941e-01 2.874163998810003867e-02 8.581875000876992843e-01 5.844606300196355164e+01 1.437747031199627240e-02 9.995867999998042652e-01 -2.489067982761676567e-02 -7.874919866160041693e-01 -8.585482999177554975e-01 -4.186838610024716197e-04 -5.127325001374231084e-01 -1.146372300968240054e+01
-5.177334998543156042e-01 2.656505998840776733e-02 8.551294000885619750e-01 5.921525700204207965e+01 1.185191031095833396e-02 9.996446000004748367e-01 -2.387883982575193451e-02 -8.353829664622999251e-01 -8.554598999159688244e-01 -2.227959360652039325e-03 -5.178643001372623678e-01 -1.192103100979646690e+01
-5.226362998548559347e-01 2.941154998830509265e-02 8.520482000894312735e-01 5.997375000212143448e+01 1.399654030994149090e-02 9.995660000002241086e-01 -2.591836982394913821e-02 -8.824818563067107213e-01 -8.524407999158970517e-01 -1.620158361109258829e-03 -5.228212001360104111e-01 -1.238327100990897911e+01
-5.274221998553639823e-01 3.189322998853209856e-02 8.490045000902799455e-01 6.072542100220095307e+01 1.432573030894494955e-02 9.994869000006667559e-01 -2.864669982220720626e-02 -9.297521961507227983e-01 -8.494825999151984774e-01 -2.946299361504116018e-03 -5.276085001345196535e-01 -1.284640201002026494e+01
-5.323118998558604709e-01 3.183276998889116027e-02 8.459496000911153057e-01 6.147554400228067095e+01 1.267510030792439249e-02 9.994804000014176903e-01 -2.963430982044982023e-02 -9.784403959943696050e-01 -8.464534999137769411e-01 -5.052202361491496020e-03 -5.324388001336469722e-01 -1.331050501013078602e+01
-5.360907998562537413e-01 3.225965998915902161e-02 8.435437000917663797e-01 6.221851200236081070e+01 1.171101030712377346e-02 9.994576000019715911e-01 -3.077967981908898143e-02 -1.026954895836988069e+00 -8.440790999127892880e-01 -6.621957361556148232e-03 -5.361778001328288967e-01 -1.377725401024014751e+01
-5.393462998566177502e-01 3.139765998894496202e-02 8.414985000923089764e-01 6.295716900244148917e+01 1.242015030641941027e-02 9.994925000015354444e-01 -2.933215981789431825e-02 -1.072989895678362116e+00 -8.419924999124868137e-01 -5.368650361421639129e-03 -5.394625001329959035e-01 -1.424735101034966434e+01
-5.418384998569079070e-01 2.556548998808111720e-02 8.400937000926510523e-01 6.369738300252313934e+01 1.359325030587220373e-02 9.996730999998044709e-01 -2.165447981697034979e-02 -1.114673395517651988e+00 -8.403726999124796482e-01 -3.136274604918012909e-04 -5.420089001354916336e-01 -1.472335201046098696e+01
-5.439620998571375043e-01 1.656098998715614667e-02 8.389463000928814029e-01 6.443546400260453311e+01 1.328968030541025254e-02 9.998497999979837347e-01 -1.112040981621148679e-02 -1.153993495357371835e+00 -8.390045999120093745e-01 5.100238640980195130e-03 -5.441005001390487594e-01 -1.519807501057279886e+01
-5.457262998573235713e-01 1.194764998677555652e-02 8.378783000931139258e-01 6.516797400268539775e+01 1.266240030502639724e-02 9.999016999972448749e-01 -6.010749815584702331e-03 -1.186240495197957268e+00 -8.378677999114850783e-01 7.329322641748115680e-03 -5.458240001406869935e-01 -1.567017901068617647e+01
-5.467918998574601286e-01 1.945581998736532758e-02 8.370425000934045290e-01 6.588646200276538423e+01 1.388613030478465064e-02 9.998031999983851836e-01 -1.416794981517194643e-02 -1.217456995040122170e+00 -8.371533999117392044e-01 3.876360640503334967e-03 -5.469545001376385773e-01 -1.613737801079754064e+01
-5.478064998575993272e-01 2.543604998768168174e-02 8.362183000936589394e-01 6.659935200284567713e+01 1.563674030454938538e-02 9.996743999989712304e-01 -2.016443981478038480e-02 -1.252107894881745676e+00 -8.364588999121899127e-01 2.029514639529806340e-03 -5.480259001353617876e-01 -1.660590901090672133e+01
-5.482495998577362473e-01 3.003016998706837040e-02 8.357754000937841488e-01 6.731264700292659597e+01 2.118694030440773646e-02 9.995330999976308473e-01 -2.201598981455994350e-02 -1.287023394722033753e+00 -8.360463999140914648e-01 5.637265638797014228e-03 -5.486298001346266995e-01 -1.707820201101587188e+01
-5.479915998577676861e-01 3.041694998637335667e-02 8.359306000937335446e-01 6.802666200300753019e+01 2.480583030442943746e-02 9.994899999961726067e-01 -2.010700981461994649e-02 -1.328059794562471696e+00 -8.361159999154247346e-01 9.717476638746442089e-03 -5.484666001353333264e-01 -1.755009901112296333e+01
-5.474527998576939058e-01 2.758301998621541865e-02 8.363819000935984738e-01 6.874344000308740021e+01 2.401024030455696859e-02 9.995628999958784400e-01 -1.724869981483585779e-02 -1.365973194405106783e+00 -8.364920999152331005e-01 1.063887963920355506e-02 -5.478757001364283896e-01 -1.801592101123164369e+01
-5.467378998575984639e-01 2.340863998593916556e-02 8.369765000934120680e-01 6.945989400316692297e+01 2.306230030472439935e-02 9.996508999953532815e-01 -1.289335981512399094e-02 -1.398455094248279629e+00 -8.369860999150173786e-01 1.225330963988378874e-02 -5.470869001380815888e-01 -1.848022201134219955e+01
-5.459640998574635251e-01 1.677804998580585683e-02 8.376405000931859135e-01 7.017858000324588374e+01 2.007551030492243579e-02 9.997743999951569371e-01 -6.940642815455816926e-03 -1.431691194092703956e+00 -8.375679999140851484e-01 1.302670964097007132e-02 -5.461778001403154725e-01 -1.894108501145287349e+01
-5.455091998572845213e-01 1.006164998677861085e-02 8.380444000930548087e-01 7.089601500332284445e+01 1.161550030507958742e-02 9.999225999972739531e-01 -4.444297815672234447e-03 -1.460633393941156433e+00 -8.380243999111485209e-01 7.309897642062176092e-03 -5.455839001412735589e-01 -1.939059901156485921e+01
-5.440666998570257151e-01 5.812894987785293538e-03 8.390218000927951447e-01 7.161381900339955564e+01 4.337534305420848862e-03 9.999820999994301074e-01 -4.115374816218920345e-03 -1.482706793790023569e+00 -8.390307999088018054e-01 1.400244642765238528e-03 -5.440822001415572817e-01 -1.983896101167935200e+01
-5.420739998568352425e-01 5.488406987293551094e-03 8.403128000924348084e-01 7.232377500347756438e+01 6.576327305850950336e-03 9.999756999984061867e-01 -2.288937816941648013e-03 -1.505318393636052798e+00 -8.403050999099390683e-01 4.285395642822833161e-03 -5.420969001424279510e-01 -2.029502701179232105e+01
-5.389627998565522660e-01 7.989059986714099060e-03 8.422917000919130093e-01 7.303037400355539432e+01 1.078112030651033094e-02 9.999384999971643317e-01 -2.585743818062989467e-03 -1.529979293482445657e+00 -8.422605999119674447e-01 7.687228642409816258e-03 -5.390158001426595957e-01 -2.074995901190398584e+01
-5.339356998560425005e-01 1.250466998670742014e-02 8.454326000911115413e-01 7.373849400363184259e+01 1.321294030757633360e-02 9.998918999970950461e-01 -6.444586819872092504e-03 -1.551333593331726268e+00 -8.454218999136907664e-01 7.729653641656668295e-03 -5.340432001418201624e-01 -2.119683601201709067e+01
-5.262424998553103528e-01 1.515725998581840366e-02 8.501994000898086545e-01 7.444944000370779236e+01 1.899031030915877827e-02 9.998011999952032269e-01 -6.070035822642883168e-03 -1.570243493182005956e+00 -8.501224999170602370e-01 1.295123964123680999e-02 -5.264258001427660760e-01 -2.164100401213153901e+01
-5.181163998545750271e-01 1.686559998461490198e-02 8.551438000884119539e-01 7.516543500378317333e+01 2.586392031077019982e-02 9.996572999926638392e-01 -4.045286825570162947e-03 -1.593196193033631580e+00 -8.549189999208941515e-01 2.002143964099686521e-02 -5.183751001443300810e-01 -2.208156301224542162e+01
-5.083151998535525573e-01 1.723889998490883355e-02 8.609985000867597105e-01 7.588692900385511564e+01 2.451954031275576859e-02 9.996839999932743970e-01 -5.539850829130749110e-03 -1.609679692892306058e+00 -8.608219999220858565e-01 1.829528964092371271e-02 -5.085773001447956299e-01 -2.250252001236253108e+01
-4.974732998524407646e-01 1.516479998511878653e-02 8.673467000848922304e-01 7.661780100392500970e+01 2.234398031489506081e-02 9.997393999937391751e-01 -4.664015833088053925e-03 -1.625177692755354286e+00 -8.671914999231589150e-01 1.705974964125753571e-02 -4.976825001461898101e-01 -2.291151601248159153e+01
-4.858918998513220844e-01 1.153786998480498850e-02 8.739427000828603465e-01 7.735035600399402256e+01 2.212486031708887219e-02 9.997547999931272189e-01 -8.979553373189754634e-04 -1.640296792620272504e+00 -8.737388999250550459e-01 1.889954964187031197e-02 -4.860280001486558255e-01 -2.331531901260108341e+01
-4.747079998502733433e-01 1.005331998472095735e-02 8.800859000809335697e-01 7.808350500406069727e+01 2.184015031913996013e-02 9.997613999929694240e-01 3.599213586125652874e-04 -1.655861392490103778e+00 -8.798722999268602241e-01 1.939205964212102618e-02 -4.748143001501511362e-01 -2.370535201272051751e+01
-4.628419998492121490e-01 9.424717984517048605e-03 8.863907000788988633e-01 7.882516800412591351e+01 2.261341032123513964e-02 9.997435999925501360e-01 1.177951154305550540e-03 -1.666592992362979864e+00 -8.861523999291583964e-01 2.058950964223452140e-02 -4.629364001515173244e-01 -2.408712301284312574e+01
-4.508178998481980893e-01 1.059843998417234895e-02 8.925530000768593375e-01 7.956483300418965143e+01 2.496485032326938719e-02 9.996879999918142357e-01 7.388453499586695918e-04 -1.682167492239060813e+00 -8.922667999320459398e-01 2.261552964205425231e-02 -4.509418001524113095e-01 -2.445983101296367579e+01
